Chrom	SNP	LogLikelihoodRatio
3	45200662	0.0
3	45206484	0.009643320963119706
3	45211102	0.0
3	45212867	0.0
3	45217614	0.0
3	45220135	7.0489213135973605
3	45222003	0.6518496789024733
3	45223831	0.0
3	45230567	0.06189990343108765
3	45233444	0.06296327197850182
3	45243083	0.047955428070802775
3	45245633	0.0
3	45252184	0.0
3	45259377	0.0
3	45267058	48.07076367757863
3	45278332	7.2734566665231775
3	45284315	57.96252801739612
3	45290708	57.64880832336173
3	45297903	0.0
3	45311376	0.0
3	45320150	53.015796342959156
3	45323488	42.39728214249167
3	45332279	0.0
3	45360959	0.0
3	45374496	30.476296062830247
3	45383229	0.0
3	45388606	0.0
3	45393792	0.0
3	45400882	6.792853930506919
3	45408398	74.45781549669853
3	45415678	57.8368709032088
3	45424860	126.34851529684781
3	45441757	18.222893040984165
3	45454689	136.01656276591967
3	45466223	9.938421617255468
3	45485707	0.0
3	45501088	0.0
3	45515648	0.0
3	45528134	13.939843316772116
3	45534844	9.572958381728599
3	45546577	30.444209703565154
3	45555765	28.01897873433526
3	45564879	0.0
3	45576586	4.521956530548409
3	45595459	0.0
3	45600868	0.0
3	45604690	59.86849750391703
3	45610284	9.61135814335478
3	45615500	5.980873354789561
3	45623774	13.976269007982518
3	45632317	17.703175922624574
3	45641806	30.33464789670331
3	45648926	0.0
3	45652734	1.2194472163186596
3	45665194	25.88846713171437
3	45677398	2.6325193916941245
3	45682244	0.042958174861444036
3	45685386	28.2540064078496
3	45688886	0.0363686833683472
3	45693399	0.04189954457894896
3	45710987	44.82768480576822
3	45725783	0.0
3	45733430	0.0
3	45736913	18.701713153137053
3	45741043	0.0
3	45748435	37.274434907904265
3	45753539	14.029128803662386
3	45756986	0.0
3	45760582	0.02509621382304417
3	45767176	0.0
3	45773991	0.0
3	45780906	2.476398173233908
3	45795498	15.980566518817506
3	45807626	41.94592120603676
3	45819837	12.952826940975713
3	45845748	38.931243849676974
3	45885360	154.6187794991711
3	45916222	132.69793685490913
3	45935018	86.63603128171862
3	45956110	0.0
3	45974968	35.90153710090971
3	45984300	90.1777867376407
3	45995118	100.69389190654341
3	46003537	150.9068571124248
3	46010861	98.54990239753016
3	46026259	93.16406453134695
3	46033819	6.122762662045366
3	46041582	30.970842131780238
3	46047044	28.004426236824926
3	46059484	108.8698957854622
3	46071463	155.55821768617034
3	46078292	70.62402446486453
3	46087945	98.43551295984808
3	46094803	64.75832786380293
3	46098976	88.33361022749908
3	46101203	0.0
3	46107253	108.9903370481896
3	46115099	0.0
3	46200823	172.69544951650605
3	46215710	150.69693729513114
3	46248385	147.66530385262925
3	46258902	229.2389500521536
3	46265535	132.9141071173633
3	46271454	133.91821004868123
3	46278647	0.0
3	46293753	0.0
3	46300548	107.85779070214966
3	46313334	100.98290025036665
3	46330442	18.269736660395864
3	46336185	81.70251212758184
3	46343534	0.0
3	46352384	34.6662439274893
3	46358650	0.0
3	46366269	33.31239373792026
3	46376501	0.0
3	46389649	120.16178440496893
3	46399798	0.0
3	46408731	40.55602421838204
3	46413743	35.07517041575949
3	46423123	31.655180759617465
3	46434319	0.0
3	46439225	6.57255108081706
3	46447904	0.0
3	46455754	0.0
3	46460013	0.0
3	46461245	51.7848964802422
3	46463884	108.34243151519146
3	46469230	73.55068274978744
3	46471087	37.041123835182226
3	46479208	0.0
3	46484898	0.0
3	46487750	0.0
3	46498448	0.0
3	46503498	307.4609422715631
3	46513681	110.26269774942921
3	46519345	60.18165706545529
3	46531144	80.19993016581327
3	46541541	44.21855425598676
3	46555745	37.77002520056996
3	46569977	48.414306757390925
3	46574877	0.0
3	46588700	133.3322411369017
3	46591201	143.3082391007316
3	46593802	0.0
3	46596264	0.0
3	46599457	219.04859642193043
3	46604430	0.0
3	46611928	204.11947319325927
3	46619554	162.9995914730789
3	46621057	153.02797270930787
3	46628443	0.0
3	46636530	50.47461835206436
3	46642887	138.79402920685138
3	46652461	159.9117799207441
3	46659860	0.0
3	46666007	98.9478094055534
3	46669194	104.58921511278143
3	46674720	75.39688174640338
3	46679675	160.90900417626142
3	46684560	0.0
3	46688481	0.0
3	46695074	278.1844541427754
3	46705369	17.666101974377387
3	46717065	8.626895361247904
3	46724548	0.0
3	46730749	298.89721719221785
3	46742019	221.34811836052762
3	46755692	328.15326165684576
3	46772878	260.0895634748377
3	46778008	282.20423051349906
3	46783432	248.7296468095441
3	46790397	432.6918048104332
3	46807601	258.77168375487753
3	46818105	252.1009509374706
3	46835016	358.0916622087652
3	46844375	86.33533056778583
3	46880140	420.54711993510523
3	46891474	361.02410360145086
3	46898562	210.90705538720482
3	46916593	266.31144817506987
3	46932057	142.0012003827846
3	46947087	0.0
3	46963035	262.53920790112113
3	46969145	292.1003676354697
3	46982365	225.1860926757224
3	46988654	169.2222703381081
3	46996442	0.0
3	47001828	173.40236405930187
3	47013452	11.720648084140233
3	47021124	0.1949976771726698
3	47026885	0.0
3	47036756	90.71125437962247
3	47059323	0.0
3	47068898	0.0
3	47074927	115.74066040186668
3	47203783	12.064525369302515
3	47214122	60.40834689303737
3	47224615	6.148523493032287
3	47236426	28.292975420254578
3	47247214	43.8938533908425
3	47268306	52.5976472713587
3	47280733	75.8869586393491
3	47294000	52.34427209116069
3	47309757	58.20411957429727
3	47322133	18.167916669702496
3	47331136	63.96345977792492
3	47341801	45.27529571155236
3	47354241	0.0
3	47362100	24.0021926355691
3	47375955	0.0
3	47389317	0.0
3	47398793	76.10702982276248
3	47405456	46.99386931709133
3	47415467	0.0
3	47420627	0.0
3	47425730	81.71108538147392
3	47439231	0.0
3	47443262	74.21959507764053
3	47455086	0.0
3	47470787	0.0
3	47480524	80.74422747527578
3	47490493	0.0
3	47503349	75.99813655538955
3	47518490	17.454950060233728
3	47533420	79.33574898740065
3	47542894	0.0
3	47549440	72.90212978467959
3	47549455	72.96344675263165
3	47563525	24.53890167878707
3	47572789	22.034767892089967
3	47579965	75.70820154755117
3	47586055	0.0
3	47589918	99.96750397848831
3	47590731	106.32316230961193
3	47592376	0.0
3	47595805	0.0
3	47603627	0.0
3	47609552	112.93020399006882
3	47616342	0.0
3	47622210	118.58505219965231
3	47637051	0.0
3	47643403	115.14884632183741
3	47650075	116.52385157595181
3	47653822	124.93783579684822
3	47659487	0.0
3	47660832	119.2156055583643
3	47672891	17.087436687441365
3	47680119	0.0
3	47693022	114.13490379032936
3	47701557	0.0
3	47718811	120.38036718711945
3	47725315	0.0
3	47735174	0.0
3	47746185	0.0
3	47751057	0.0
3	47759990	0.0
3	47765547	127.6734210620185
3	47770380	0.0
3	47775282	0.0
3	47784650	0.0
3	47790265	0.0
3	47797556	0.0
3	47802095	132.86715214269987
3	47812432	0.0
3	47824983	134.3680716585498
3	47838038	0.0
3	47843600	0.0
3	47857082	134.2703421754469
3	47867727	0.0
3	47874042	141.98314268093412
3	47884953	86.63411541043232
3	47901803	134.26569856507928
3	47915118	0.0
3	47927484	0.0
3	47931984	0.0
3	47939626	133.29571315439864
3	47947184	133.00611057491068
3	47956506	124.0225337977707
3	47966449	124.98044431864248
3	47990500	112.1471637568783
3	48008819	137.90118584486558
3	48016172	140.69450718314005
3	48021282	0.0
3	48027851	0.0
3	48037078	139.75122676508352
3	48046900	0.0
3	48064367	134.80370174906415
3	48069648	143.71832294328334
3	48085349	145.19630643944754
3	48093052	0.0
3	48108442	59.487220936677936
3	48115740	0.0
3	48122410	0.0
3	48202440	74.48930013967066
3	48214438	63.100704122230155
3	48226553	0.0
3	48233267	0.0
3	48240289	23.302823195008788
3	48249420	17.283261326131445
3	48259667	2.9161368550767603
3	48280492	7.100057597302487
3	48287449	1.7884900883552868
3	48297560	34.3944863780983
3	48301614	6.283351364666332
3	48312060	38.927298868467844
3	48313418	38.957501349747965
3	48323364	37.4724223155819
3	48327450	35.40337189615885
3	48327751	2.0859878729813746
3	48331286	28.249900978335837
3	48333546	33.764531767266114
3	48338487	18.32936200153669
3	48340045	17.004037196781088
3	48343708	13.97709785141726
3	48345449	13.8685074946087
3	48348564	18.20189960585477
3	48351560	16.955264808129044
3	48353626	19.46268617030786
3	48357281	20.89985046043829
3	48360862	3.7371484728374393
3	48363595	12.305840715071385
3	48367537	8.849812138053473
3	48370416	6.851931086690383
3	48372646	5.8652860775670375
3	48374077	4.5277356303731935
3	48375740	4.374771046940615
3	48377922	6.052200802986572
3	48382282	32.356882417292574
3	48384388	0.0
3	48388056	0.0
3	48392085	37.1981163897975
3	48393556	37.20213093835563
3	48395539	0.0
3	48399828	1.5203812749833698
3	48405149	18.637895126727475
3	48408345	16.724176220963702
3	48411735	2.8804520593355187
3	48415903	10.86372087405873
3	48418219	3.124656000018708
3	48420308	3.1251888819702254
3	48423656	12.437380800390976
3	48430465	11.602379080201109
3	48434398	8.527491695451108
3	48436794	6.657875733436687
3	48440178	6.011006874509933
3	48454468	7.043845162397799
3	48463711	5.755046260483879
3	48474249	0.0
3	48479618	12.689615317398006
3	48484016	0.0
3	48486773	13.661218952857736
3	48489398	18.62939799325678
3	48494542	18.06125832366061
3	48505302	22.72969924284771
3	48519905	0.0
3	48525955	0.0
3	48532673	0.0
3	48536615	0.4445599381591743
3	48555082	11.594767972886968
3	48581848	23.70676971851031
3	48606701	18.1284361289146
3	48625266	2.5615324849117522
3	48671578	0.0
3	48675925	0.0
3	48702606	0.0
3	48713570	0.0
3	48718388	0.0
3	48727112	0.0
3	48739149	0.0
3	48749543	0.0
3	48757773	0.0
3	48779715	0.0
3	48801840	0.0
3	48819668	33.72168206165756
3	48837182	32.17374489270157
3	48844077	0.0
3	48852639	31.1873760319655
3	48878407	0.0
3	48890681	0.0
3	48900347	0.0
3	48919232	55.772222558038756
3	48928759	43.38377032664911
3	48937790	0.0
3	48953349	39.359852696185094
3	48960017	34.231715171444094
3	48977398	0.0
3	48986399	0.0
3	49000626	35.13758691491896
3	49013383	0.0
3	49032967	30.69916914821961
3	49044767	0.0
3	49075513	20.217692310767024
3	49202782	147.63939043595644
3	49211989	0.0
3	49220137	29.541257139697233
3	49228946	36.1409388806611
3	49237394	0.0
3	49249800	0.0
3	49261594	0.0
3	49272726	0.0
3	49275830	0.026442951327512176
3	49286797	0.0
3	49298205	0.0
3	49315431	0.5019512401455084
3	49331060	0.0
3	49337120	0.0
3	49352522	44.729987548174286
3	49361791	0.0
3	49366741	0.0
3	49381911	0.0
3	49389842	53.10930312760672
3	49394834	55.66898507121504
3	49401153	60.914191320194206
3	49408816	0.0
3	49412015	60.711761208897315
3	49416825	47.31522897941464
3	49424283	50.03197984815125
3	49431160	0.0
3	49433133	0.0
3	49438036	42.676662766159225
3	49439924	45.7041323177894
3	49451691	37.77962611655321
3	49458266	0.0
3	49460407	35.29521736729801
3	49468689	0.0
3	49473077	125.78082837270655
3	49480908	35.78382707890537
3	49490149	0.0
3	49496263	0.0
3	49504095	115.74699710509786
3	49513910	125.8704278347456
3	49517668	21.455603450547702
3	49521549	0.0
3	49524778	19.11304184365571
3	49529601	0.0
3	49537839	151.58843512956142
3	49540114	163.10050192646455
3	49543656	162.490493868806
3	49554241	10.615345144501449
3	49558716	167.06121781211442
3	49571462	12.781681639260453
3	49584243	14.048066835453708
3	49596593	0.0
3	49600426	0.0
3	49614974	0.0
3	49621994	0.0
3	49644012	210.3084056568893
3	49649989	214.96941428856084
3	49657852	0.0
3	49671186	0.0
3	49675334	218.2524400610051
3	49684917	180.20184495874318
3	49697459	179.4069664821684
3	49706738	125.4372921699649
3	49715446	0.0
3	49730058	0.0
3	49736565	178.42803315936195
3	49750188	0.0
3	49753788	19.829483353721933
3	49763338	0.0
3	49772647	0.0
3	49779906	0.0
3	49788969	179.22494123102885
3	49792158	166.1115875546322
3	49804119	148.25109040025168
3	49809063	0.0
3	49819665	0.0
3	49831698	0.0
3	49847623	0.0
3	49860678	0.0
3	49868842	209.40912000517483
3	49878078	213.07819004802795
3	49884913	0.0
3	49894030	0.0
3	49899795	0.0
3	49924940	242.62028993722333
3	49939120	0.0
3	49951316	247.8012685015576
3	49971831	0.0
3	49978069	249.63786055192668
3	49991060	0.0
3	49995518	211.6826498659835
3	50002245	202.48576033378885
3	50010571	0.0
3	50022094	104.25899238934295
3	50027774	155.75612484778583
3	50033228	0.0
3	50040194	0.0
3	50046064	167.1759117412453
3	50052867	6.255263323995338
3	50201924	97.72473667087135
3	50205642	0.0
3	50208819	73.70066905593636
3	50212512	32.228510373896725
3	50217654	36.633764090636724
3	50223977	34.946157337900345
3	50226151	27.716903664384017
3	50233317	30.31559606358084
3	50240338	36.53435400083188
3	50244080	0.0
3	50255663	37.136284985696285
3	50286953	0.0
3	50294551	2.3351202486012417
3	50311900	18.318580854155964
3	50330987	14.032296502250896
3	50336055	12.575780533679774
3	50344056	6.93665280497578
3	50352200	21.647572772048992
3	50355730	21.642877064159226
3	50367867	22.38488668596782
3	50374293	62.80669243709658
3	50378946	47.56720338693883
3	50409826	49.19079810752378
3	50425177	85.15111055446495
3	50436716	91.12185161544672
3	50441627	91.05425374203472
3	50453456	110.735896989676
3	50466518	0.0
3	50474284	110.3796953312877
3	50480131	0.0
3	50488845	108.89155498865608
3	50494015	30.07546999505401
3	50513157	51.19864153008867
3	50523668	174.20816082075112
3	50526880	172.4394954815044
3	50537048	192.19047245472504
3	50545833	189.15996996400315
3	50558817	32.78194069071935
3	50562566	24.61685841471532
3	50574213	223.69736505013145
3	50579050	196.70317123495383
3	50589455	167.6253885842281
3	50597092	203.2159238477749
3	50612658	274.71473675809165
3	50635553	315.05580629993506
3	50637469	315.05578895758424
3	50643305	293.26217853929387
3	50649499	319.64532387471155
3	50663574	299.0957150716091
3	50671362	319.9092938592491
3	50676596	321.23063894635345
3	50680758	308.7118685329102
3	50685642	116.36201298046429
3	50692394	103.743106583998
3	50697199	294.3980311458756
3	50701003	129.2594543419511
3	50703858	312.3161170569905
3	50711083	273.85491142428396
3	50833439	206.05537176784728
3	50837083	276.9830568283611
3	50840549	210.76702800315516
3	50849368	272.89370346704686
3	50852317	161.98226810132917
3	50855461	162.92685863832114
3	50861611	229.94743321472828
3	50867740	111.30780315328786
3	50873740	135.2628318302638
3	50879177	181.67906884850063
3	50882396	146.33602921668066
3	50890327	102.43402535981596
3	50900103	93.65339263151064
3	50910359	72.91110677516734
3	50915158	0.0
3	50919168	119.96825593893259
3	50919939	119.97438585341783
3	50925696	124.87257510949108
3	50932324	40.395246797410095
3	50939943	40.33921181143245
3	50950909	122.87994593458907
3	50956008	36.207156030762796
3	50957788	36.3943938071696
3	50962368	114.1129462341278
3	50966191	119.35829865280657
3	50983156	73.31263979515761
3	50992787	39.859675337997686
3	50997703	38.67374291001485
3	51006237	69.35534276330932
3	51020242	61.687936838439434
3	51028298	31.600319797744497
3	51037258	114.04377935016291
3	51045677	52.74197820514129
3	51048870	46.206775411890995
3	51054978	19.40887905774964
3	51058254	22.720382587551843
3	51063566	22.61009085129849
3	51074286	38.002261485511475
3	51080711	39.48118498271931
3	51087917	36.16201242494371
3	51098862	34.54688272587519
3	51203538	39.116800620284174
3	51207005	38.99189801431145
3	51211275	54.067548675046
3	51216149	66.76563205637119
3	51225263	15.079087493898882
3	51234528	46.33919945039585
3	51245326	71.24839400071852
3	51251165	82.1613629028903
3	51261086	40.15299227743407
3	51267350	98.986211184112
3	51274721	75.81387426250855
3	51279902	74.53918554945216
3	51282210	73.95358976425725
3	51290610	56.42763318189282
3	51293342	53.92112974794367
3	51294774	50.304534862386554
3	51304512	40.748193314190814
3	51314194	0.583670693781797
3	51324925	52.26027431626435
3	51326639	51.218575022299405
3	51329552	52.096348257106065
3	51333066	54.372897794222354
3	51339986	53.278739617316745
3	51344115	43.58225213870182
3	51348534	49.71125848371327
3	51355206	51.34411475993689
3	51361441	66.67585956508881
3	51368858	85.2279362713256
3	51381199	101.45538626470079
3	51383506	79.82951495779913
3	51396640	41.379048162250854
3	51403346	41.06007251960407
3	51411581	50.9842653799028
3	51418348	106.4311176082297
3	51425674	48.187860786745475
3	51432847	48.61791495513168
3	51442739	43.722358658691284
3	51465696	23.025616516790105
3	51478837	41.59444340061071
3	51480872	41.5944384624999
3	51484914	0.0
3	51492639	41.5046217652378
3	51502362	115.2371672966292
3	51515229	112.24572202744812
3	51521951	57.52111016725314
3	51525094	59.21131999378995
3	51539492	44.5514938162665
3	51544464	65.08151780158325
3	51552333	23.37731910287885
3	51560590	66.54524529312565
3	51562294	66.54524401420807
3	51563701	66.54529708924876
3	51581509	0.0
3	51594366	161.31754370510592
3	51632135	14.904663097829218
3	51655856	124.74763053966305
3	51668409	224.15376406149983
3	51683248	225.14931927589583
3	51714373	167.41565561841546
3	51737965	148.30396049736564
3	51755112	248.6421577450893
3	51757249	145.8089540076018
3	51771828	38.86047266899194
3	51776820	149.2212525984142
3	51790343	0.0
3	51811701	105.90778573766214
3	51812952	0.0
3	51821181	0.0
3	51839619	153.10755511818562
3	51850334	190.9703041272386
3	51854970	190.8899485093407
3	51860265	96.1199063922092
3	51862276	183.00456397046685
3	51900231	0.0
3	51907736	0.0
3	51911965	0.0
3	51915619	0.0
3	51916374	0.0
3	51920002	0.0
3	51927598	0.0
3	51933219	0.0
3	51936193	0.0
3	51936949	24.54617845550477
3	51946130	0.0
3	51953708	34.2430471437448
3	51966504	19.215928809374372
3	51978327	12.47492632260657
3	51990605	12.456764196889004
3	51994587	14.875091503341096
3	52020411	40.714858396660226
3	52027330	55.62243267848704
3	52043889	0.0
3	52053888	0.0
3	52063886	0.0
3	52202820	8.638667887395485
3	52211822	9.664821428956966
3	52228150	0.0
3	52241835	2.015453399937705
3	52261031	224.24856048122436
3	52273421	331.7723607058083
3	52288945	343.8356784364053
3	52305633	266.74313987093973
3	52322417	0.0
3	52334593	184.9155542088073
3	52350212	224.27990103601002
3	52371789	161.83795956966225
3	52403526	298.9139864177293
3	52443280	218.41110209966442
3	52488639	24.518274495092317
3	52493275	315.12781116783617
3	52506491	278.14020141672984
3	52516293	182.2398513984799
3	52542919	0.0
3	52558133	197.69091443361648
3	52566914	0.0
3	52572056	232.04641578197447
3	52585760	0.0
3	52598540	167.69253069170912
3	52604861	176.77183664585334
3	52607685	0.0
3	52613656	0.0
3	52618941	0.0
3	52622086	258.7046299454247
3	52628321	179.01040113741664
3	52633929	0.0
3	52642487	0.0
3	52649090	33.43525680351829
3	52657472	0.0
3	52668119	188.85749816417527
3	52674542	0.0
3	52678370	185.39174661127143
3	52686887	0.0
3	52692721	225.60159950801685
3	52700477	0.0
3	52708429	0.0
3	52719088	240.9167469934512
3	52727257	251.04063146650776
3	52738165	232.7819773474175
3	52745087	282.53759008923765
3	52752959	253.11350086433868
3	52763163	251.33283858392605
3	52770277	268.57055814269563
3	52779591	274.98128707447256
3	52785238	324.3846726345186
3	52795224	0.0
3	52809525	251.3992478619456
3	52818579	0.0
3	52823126	0.0
3	52826276	234.50826668510723
3	52833805	306.8963720283708
3	52848896	196.58355976435016
3	52859182	113.46073247098595
3	52866476	82.544210063582
3	52870324	180.54755136660748
3	52874753	365.81206220388765
3	52878600	380.91442172815516
3	52882495	85.2052866795093
3	52890475	133.05633826939794
3	52896032	355.43688027638365
3	52907372	285.09171001143983
3	52916939	323.49928172475023
3	52924227	265.50426012591583
3	52948332	296.6603965363228
3	52953844	288.5008200523603
3	52968726	216.26049458516343
3	52978418	126.92560341583099
3	52991307	189.60184873149518
3	53003179	0.0
3	53011374	58.85456175907121
3	53020559	105.11009551181479
3	53025585	0.0
3	53031040	120.03427753936892
3	53033796	0.0
3	53039455	0.0
3	53054150	18.526676022752266
3	53061377	13.236662363371561
3	53068155	15.462682975950795
3	53080555	0.0
3	53086728	15.602534906819661
3	53090490	0.0
3	53099466	133.27598738854843
3	53103262	32.821103032753264
3	53107780	93.2826193324319
3	53118204	16.370485956231615
3	53121014	20.233886097963218
3	53125429	0.0
3	53130435	4.272197364658127
3	53132688	0.0
3	53136551	0.0
3	53141549	0.0
3	53148833	9.789686390273822
3	53157302	0.0
3	53160269	0.0
3	53163057	0.0
3	53200876	147.06845875304742
3	53209500	100.2974367016309
3	53227428	0.0
3	53237604	64.07102289759187
3	53243913	107.48746786081381
3	53246350	0.0
3	53248408	0.0
3	53252851	30.315071683014235
3	53261677	38.091107435219314
3	53265011	2.9615483669550384
3	53268429	43.08934486605365
3	53270424	44.83773322111507
3	53277094	46.6328331388334
3	53281183	0.0
3	53288475	50.894586441019136
3	53296320	106.15957263643698
3	53321631	91.6328185168228
3	53332477	135.18884980059974
3	53352099	38.99766233065378
3	53364855	0.0
3	53376669	36.650464231765774
3	53397244	116.2736710168838
3	53417156	0.0
3	53432016	78.474730659536
3	53442234	79.02386881293178
3	53447891	93.86041921091488
3	53456042	108.54984439192808
3	53461956	71.44355654334389
3	53467948	86.1800092868864
3	53475074	129.3337563364565
3	53478662	41.855885137069336
3	53481714	41.42605133679503
3	53489106	0.0
3	53505672	0.0
3	53519767	0.0
3	53535098	82.81781192396453
3	53551902	29.365058102248007
3	53559002	4.719198012606143
3	53571914	60.19137207510706
3	53583468	88.1166952976888
3	53598080	0.0
3	53606401	1.0863386350411064
3	53633122	2.485764550182542
3	53643850	9.489986090284274
3	53656804	13.623162770947099
3	53663238	0.4092056688925574
3	53671482	0.0
3	53696955	19.96534659253615
3	53712091	0.0
3	53716984	27.40236488981368
3	53725715	28.266324527987674
3	53738320	0.0
3	53742403	9.558743506145396
3	53747133	0.0
3	53751064	1.2670262309135405
3	53767689	5.733547967196236
3	53775447	10.468669063787805
3	53779825	4.146924638935556
3	53790276	0.0
3	53796744	1.4022664542047858
3	53802263	0.0
3	53806023	0.0
3	53813232	5.022531636824467
3	53821261	0.0
3	53833398	0.0
3	53846924	0.0
3	53850814	0.0
3	53866330	0.0
3	53877233	3.2769054074654447
3	53882903	8.780065156251586
3	53886912	0.0
3	53891323	0.0
3	53898555	0.0
3	53905308	5.20394567198588
3	53915930	0.005193544044405307
3	53921894	0.0
3	53929408	0.0
3	53937267	3.7949128696797434
3	53946773	0.0
3	53957219	0.0
3	53971076	5.372722759162304
3	53979904	0.0
3	53991221	4.597277630922656
3	53999273	0.0
3	54007818	0.0
3	54016654	3.005738239466156
3	54022398	3.1080164761778257
3	54040034	0.2616735210430514
3	54056410	3.0123060136133315
3	54068060	2.8537243969673125
3	54077748	0.11565804955495018
3	54093832	1.285100888855326
3	54102350	0.3912569282899634
3	54110738	0.11590159404038405
3	54118851	0.0
3	54123011	0.0
3	54127328	0.0
3	54134351	19.62251607982604
3	54201447	75.86382866169994
3	54208329	5.394825913765353
3	54219108	51.70779869655403
3	54235114	0.0
3	54243646	32.10473649449657
3	54254129	0.0
3	54266145	79.35321699037435
3	54275323	0.0
3	54286713	0.0
3	54289975	0.0
3	54303889	6.539806830176135
3	54311336	2.592012446975961
3	54316176	18.79848258593985
3	54323464	10.919948557839472
3	54325325	12.866644985209858
3	54327416	23.264917368147202
3	54328964	20.508962710559853
3	54330539	0.0
3	54332370	74.64820495843091
3	54334569	0.0
3	54338435	18.938223247428084
3	54340743	10.97248715938628
3	54352903	4.332811966095771
3	54361694	0.0
3	54371124	73.96357695444684
3	54379802	0.0
3	54403827	66.78035881338629
3	54409555	83.5625735700529
3	54418116	0.0
3	54424701	53.487355897578354
3	54438697	177.21507479249027
3	54450928	183.50596613874555
3	54460326	151.9449368379144
3	54473360	102.55280368254559
3	54485609	90.86981745135112
3	54495546	51.99903403225941
3	54502988	45.724622543362905
3	54507698	0.3913163329558422
3	54518129	0.0
3	54529944	0.0
3	54546484	84.51368283688173
3	54560761	100.76680871000995
3	54567998	0.0
3	54579051	101.13632739002668
3	54595678	0.0
3	54602119	23.91820524969729
3	54605919	27.14173686389419
3	54612023	0.7914635184521891
3	54618734	37.09530514594189
3	54621605	0.0
3	54629227	15.171197748995906
3	54635837	0.0
3	54642917	59.91632746987202
3	54655363	4.02152115853508
3	54662866	32.07112398709887
3	54679831	0.6218633328386893
3	54706286	8.896338498791465
3	54722148	0.0
3	54736853	24.86069054143323
3	54756448	0.0
3	54793450	49.199517555614044
3	54814844	6.036635898463093
3	54833990	2.224427074729696
3	54856150	22.14529370832756
3	54887782	6.642257962416456
3	54895070	0.0
3	54898533	0.0
3	54903917	2.472700649010963
3	54909196	3.4057871452519644
3	54920785	0.0
3	54927901	0.0
3	54937794	0.0
3	54945267	0.021879179233670776
3	54949755	2.8076716912015334
3	54955770	0.0
3	54974158	0.0
3	54980714	13.008519936189895
3	54985451	2.890554548211268
3	54993857	8.193162253769023
3	54999379	0.0
3	55006136	10.661534104456337
3	55011376	0.0
3	55022475	0.0
3	55031170	2.0648460044827965
3	55044210	0.2835578806300401
3	55050000	0.4295754117090862
3	55054764	0.0
3	55062334	2.6950460182979965
3	55068510	0.8625191756305428
3	55076374	0.0
3	55090522	0.0
3	55096341	0.10067681066364996
3	55107264	0.0
3	55116757	4.819876788641362
3	55121900	25.005394221422186
3	55125204	0.0
3	55133296	6.106875100718177
3	55139023	0.0
